[50, 500] [100, 500] [150, 500] [200, 500] [350, 400] [300, 400] [250, 400] [350, 350] [350, 300] [400, 150] [350, 150] [400, 100] [400, 200] [400, 250] [0, 400] [50, 400] [50, 150] [100, 150] [50, 350] [100, 350] [150, 350] [50, 400] [450, 50] [500, 50] [400, 50] [450, 150] [50, 200] [50, 150] [50, 100] [200, 0] [200, 50] [200, 100] [200, 150] [200, 200] [200, 250] [250, 100] [250, 200] [350, 450] [400, 450] [450, 450] [50, 250] [400, 300]
[200, 300] [250, 300] [300, 300] [350, 300] [150, 300] [250, 100] [300, 100] [350, 100] [400, 100] [200, 100] [150, 100] [250, 50] [350, 500] [400, 500] [450, 500] [300, 500] [250, 500] [200, 500] [100, 0] [150, 0] [50, 0] [100, 50] [100, 100] [100, 150] [350, 50] [250, 50] [300, 100] [300, 150] [300, 200] [0, 300] [50, 300] [0, 250] [0, 350] [0, 400] [450, 500] [400, 500] [350, 500] [300, 500] [450, 450] [250, 50] [300, 100] [100, 400] [150, 400] [200, 400] [200, 450] [250, 400] [300, 400] [350, 400] [450, 200] [450, 250] [450, 300] [100, 200]
[500, 100] [500, 150] [500, 200] [500, 250] [400, 50] [450, 50] [500, 50] [500, 0] [500, 50] [500, 100] [500, 50] [500, 150] [500, 200] [100, 50] [100, 100] [100, 150] [100, 200] [300, 50] [250, 50] [300, 100] [300, 150] [300, 200] [50, 400] [100, 400] [150, 400] [200, 400] [50, 450] [50, 100] [100, 100] [50, 200] [50, 250] [250, 300] [300, 300] [200, 300] [350, 300] [350, 350] [400, 350] [400, 200] [400, 150] [200, 150] [250, 400] [250, 450] [250, 500] [350, 450] [400, 450] [450, 450] [500, 450]
[200, 450] [200, 500] [550, 50] [0, 500] [50, 500] [100, 500] [150, 500] [0, 450] [0, 400] [300, 300] [300, 250] [300, 350] [300, 400] [50, 200] [100, 200] [150, 200] [200, 200] [50, 150] [200, 200] [250, 200] [300, 200] [200, 150] [200, 250] [200, 300] [200, 350] [0, 50] [50, 50] [100, 50] [150, 50] [0, 100] [0, 150] [450, 450] [450, 400] [450, 350] [450, 300] [450, 500] [100, 300] [100, 350] [100, 400] [250, 50] [300, 50] [350, 50] [400, 50] [450, 50] [500, 50] [400, 100] [400, 150] [400, 200]
[100, 300] [150, 300] [200, 300] [100, 350] [100, 400] [50, 200] [50, 150] [50, 100] [50, 250] [50, 300] [350, 500] [400, 500] [450, 500] [300, 500] [250, 500] [50, 50] [100, 50] [150, 50] [200, 50] [450, 50] [500, 50] [400, 50] [350, 50] [300, 50] [300, 450] [400, 450] [300, 400] [300, 350] [300, 500] [450, 200] [400, 200] [350, 200] [300, 200] [450, 250] [450, 300] [450, 250] [500, 250] [350, 250] [450, 300] [200, 100] [200, 150] [200, 200] [150, 200] [200, 400] [400, 100] [400, 400]
[150, 100] [100, 100] [50, 100] [150, 50] [50, 500] [100, 500] [150, 500] [150, 300] [200, 300] [250, 300] [300, 300] [150, 250] [150, 200] [150, 350] [450, 0] [400, 0] [0, 100] [50, 100] [100, 100] [0, 50] [0, 150] [0, 200] [0, 250] [450, 200] [450, 150] [450, 100] [450, 250] [450, 300] [450, 350] [300, 400] [350, 400] [300, 350] [300, 300] [300, 250] [450, 300] [500, 300] [450, 350] [450, 400] [450, 450] [250, 50] [300, 50] [350, 50] [300, 100] [300, 150] [50, 250] [50, 300] [50, 350] [50, 400] [350, 0]
[200, 350] [150, 350] [100, 350] [50, 350] [200, 300] [200, 250] [200, 400] [200, 450] [200, 50] [150, 50] [100, 50] [50, 50] [200, 100] [200, 150] [200, 200] [200, 200] [250, 200] [300, 200] [350, 200] [100, 450] [100, 400] [200, 250] [150, 250] [200, 200] [200, 300] [300, 150] [500, 400] [450, 400] [400, 400] [500, 350] [500, 300] [500, 250] [500, 450] [500, 500] [150, 150] [200, 150] [100, 150] [50, 150] [150, 250] [250, 300] [300, 300] [350, 300] [300, 50] [350, 50] [400, 50] [450, 50] [450, 100] [450, 150] [300, 400] [300, 450] [300, 500] [0, 250]
[200, 450] [250, 450] [200, 400] [200, 350] [200, 300] [200, 500] [350, 100] [300, 100] [350, 50] [150, 50] [100, 50] [50, 50] [50, 450] [350, 300] [400, 300] [450, 300] [350, 250] [500, 450] [500, 400] [500, 350] [500, 500] [100, 100] [200, 100] [100, 50] [100, 150] [100, 200] [100, 250] [150, 0] [0, 350] [50, 350] [100, 350] [200, 200] [250, 200] [300, 200] [350, 200] [400, 200] [450, 200] [350, 400] [400, 400] [400, 450] [200, 50] [500, 300]
[200, 350] [300, 350] [350, 350] [150, 350] [200, 400] [200, 450] [200, 500] [300, 250] [350, 250] [400, 250] [300, 300] [300, 350] [550, 50] [500, 50] [450, 50] [400, 50] [100, 500] [150, 500] [50, 500] [100, 450] [400, 100] [500, 100] [350, 100] [300, 100] [300, 100] [250, 100] [200, 100] [300, 50] [150, 250] [100, 250] [50, 250] [100, 50] [100, 100] [50, 100] [0, 100] [100, 350] [50, 350] [300, 400] [300, 450] [350, 450] [400, 450] [450, 450] [450, 400] [450, 350] [500, 200] [500, 250]
[250, 200] [250, 150] [250, 100] [0, 250] [50, 250] [100, 250] [150, 250] [0, 200] [0, 300] [0, 350] [0, 150] [50, 150] [0, 100] [0, 50] [250, 500] [300, 500] [200, 500] [150, 500] [100, 500] [250, 450] [250, 400] [250, 350] [350, 150] [400, 150] [450, 150] [500, 150] [450, 100] [350, 100] [300, 100] [450, 150] [450, 300] [500, 300] [400, 300] [350, 300] [450, 350] [50, 50] [100, 50] [150, 50] [100, 150] [150, 150] [50, 350] [100, 350] [100, 400] [150, 400] [350, 400] [400, 400] [450, 400] [450, 450]
[300, 200] [350, 200] [400, 200] [300, 150] [300, 100] [400, 0] [450, 0] [500, 0] [400, 50] [100, 400] [150, 400] [200, 400] [250, 400] [100, 350] [100, 450] [300, 500] [350, 500] [400, 500] [300, 450] [300, 400] [300, 350] [500, 250] [500, 200] [500, 300] [500, 350] [250, 200] [300, 200] [350, 200] [400, 200] [250, 100] [250, 50] [450, 0] [450, 100] [300, 100] [300, 150] [350, 350] [400, 350] [400, 400] [200, 50] [150, 50] [100, 50] [50, 50] [50, 100] [50, 150] [100, 150] [150, 150] [150, 250] [100, 250] [50, 250] [400, 100]
[300, 400] [250, 400] [200, 400] [300, 450] [300, 500] [300, 350] [300, 400] [450, 350] [400, 350] [450, 300] [450, 250] [0, 150] [50, 150] [100, 150] [0, 200] [0, 250] [0, 300] [250, 0] [300, 0] [350, 0] [200, 0] [250, 500] [250, 400] [250, 400] [250, 300] [250, 500] [100, 0] [150, 0] [350, 50] [350, 100] [400, 100] [450, 100] [450, 50] [350, 150] [350, 200] [300, 200] [250, 200] [200, 200] [200, 50] [200, 100] [400, 400] [400, 450] [450, 450] [50, 300] [100, 300] [100, 350] [100, 400] [100, 450] [50, 450] [300, 300]
[150, 350] [150, 400] [50, 300] [50, 250] [50, 350] [200, 50] [150, 50] [100, 50] [50, 50] [350, 200] [400, 200] [450, 200] [300, 200] [350, 250] [350, 300] [350, 350] [500, 400] [500, 350] [300, 100] [350, 100] [400, 100] [250, 100] [200, 100] [250, 0] [300, 0] [350, 0] [200, 0] [300, 200] [350, 200] [400, 200] [250, 200] [200, 200] [150, 200] [250, 350] [250, 400] [250, 450] [300, 450] [350, 450] [400, 450] [400, 500] [0, 450] [0, 500] [50, 500] [0, 150] [50, 150]
[500, 0] [450, 0] [500, 50] [50, 100] [100, 100] [50, 50] [400, 400] [450, 400] [500, 400] [350, 300] [350, 250] [350, 200] [350, 350] [350, 400] [250, 500] [250, 450] [350, 50] [400, 50] [300, 50] [250, 50] [150, 250] [100, 250] [50, 250] [150, 200] [150, 150] [150, 300] [150, 350] [150, 400] [150, 200] [200, 200] [50, 200] [150, 250] [150, 300] [450, 150] [450, 200] [450, 250] [450, 300] [450, 350] [200, 300] [250, 300] [250, 350] [250, 400] [50, 350] [50, 400] [50, 450] [300, 100] [400, 0] [150, 100]
[200, 200] [150, 200] [100, 200] [200, 150] [200, 100] [200, 250] [100, 450] [100, 400] [300, 50] [350, 50] [400, 50] [250, 50] [200, 50] [300, 100] [300, 150] [0, 50] [50, 50] [100, 200] [150, 200] [200, 200] [50, 200] [100, 250] [100, 300] [100, 350] [500, 300] [450, 300] [400, 300] [500, 250] [500, 200] [500, 350] [500, 400] [50, 300] [100, 300] [50, 200] [50, 400] [200, 300] [200, 250] [200, 200] [300, 250] [300, 300] [300, 350] [300, 400] [350, 400] [400, 400] [400, 450] [400, 500] [200, 400] [200, 450] [400, 100] [400, 150] [50, 150]
[500, 200] [50, 250] [100, 250] [50, 200] [50, 150] [500, 500] [450, 500] [150, 400] [200, 400] [250, 400] [150, 350] [150, 450] [400, 300] [450, 300] [500, 300] [350, 300] [300, 300] [0, 0] [50, 0] [100, 0] [0, 50] [0, 100] [0, 150] [250, 50] [200, 50] [250, 100] [250, 150] [250, 200] [50, 150] [50, 200] [50, 250] [50, 300] [50, 350] [50, 400] [300, 400] [350, 400] [400, 400] [450, 400] [350, 450] [350, 500] [150, 150] [200, 150] [450, 200] [400, 200] [350, 200] [350, 150] [350, 100] [350, 50] [400, 50] [450, 50] [450, 100]
[150, 300] [200, 300] [100, 300] [50, 300] [150, 250] [150, 200] [150, 150] [400, 350] [500, 350] [350, 350] [300, 350] [400, 300] [400, 250] [400, 200] [500, 350] [500, 300] [500, 400] [500, 450] [150, 200] [100, 200] [50, 200] [150, 250] [350, 50] [400, 50] [450, 50] [300, 50] [250, 50] [200, 50] [350, 100] [350, 150] [100, 300] [150, 300] [200, 300] [250, 300] [50, 300] [200, 300] [150, 300] [100, 300] [200, 350] [300, 300] [250, 300] [350, 350] [100, 350] [100, 400] [100, 450] [150, 450] [200, 450] [250, 450] [300, 450] [350, 450] [400, 450] [400, 150] [250, 100] [250, 150] [250, 200] [0, 50] [50, 50] [100, 50]
[300, 400] [350, 400] [250, 400] [300, 350] [300, 300] [300, 250] [300, 450] [450, 250] [400, 250] [350, 250] [300, 250] [450, 200] [450, 150] [450, 100] [450, 300] [450, 350] [450, 400] [200, 150] [250, 150] [200, 100] [200, 50] [200, 200] [0, 450] [50, 450] [0, 400] [0, 350] [0, 300] [0, 500] [50, 100] [100, 100] [150, 250] [100, 250] [150, 300] [50, 0] [100, 0] [200, 250] [150, 250] [100, 250] [200, 200] [200, 150] [200, 100] [200, 350] [200, 400] [350, 150] [350, 100] [350, 50] [400, 50] [450, 50] [50, 150] [150, 350]
[350, 300] [300, 300] [350, 250] [350, 350] [350, 400] [350, 450] [150, 200] [100, 200] [50, 200] [150, 150] [150, 100] [150, 0] [200, 0] [150, 100] [150, 150] [50, 400] [50, 350] [50, 300] [400, 350] [350, 350] [250, 350] [500, 0] [150, 450] [200, 450] [150, 400] [150, 350] [150, 300] [450, 450] [500, 450] [450, 400] [450, 350] [450, 300] [200, 100] [250, 100] [300, 100] [350, 100] [400, 100] [400, 50] [250, 150] [350, 150] [500, 200] [450, 200] [50, 0] [50, 50] [250, 300]
[150, 500] [200, 500] [250, 500] [100, 400] [100, 350] [350, 50] [300, 50] [250, 50] [350, 100] [350, 150] [350, 200] [50, 100] [50, 50] [50, 150] [50, 200] [50, 250] [350, 500] [350, 450] [350, 400] [350, 350] [450, 250] [500, 250] [450, 300] [450, 350] [450, 400] [50, 250] [100, 250] [50, 200] [100, 300] [150, 250] [100, 350] [100, 400] [150, 400] [200, 400] [250, 400] [150, 200] [150, 150] [150, 100] [150, 50] [250, 150] [250, 200] [250, 300] [500, 150] [450, 150] [450, 100] [450, 50]
[100, 350] [50, 350] [100, 400] [450, 400] [400, 400] [350, 400] [300, 400] [450, 350] [450, 300] [450, 450] [0, 400] [0, 350] [0, 300] [0, 450] [200, 300] [250, 300] [300, 300] [100, 300] [200, 250] [200, 350] [200, 400] [200, 450] [0, 350] [50, 350] [0, 300] [250, 50] [300, 50] [200, 50] [150, 50] [250, 100] [250, 150] [300, 150] [350, 150] [400, 150] [450, 150] [450, 100] [450, 50] [100, 50] [100, 100] [100, 150] [100, 200] [50, 200]
[150, 450] [50, 100] [150, 350] [200, 350] [250, 350] [150, 400] [350, 0] [400, 0] [400, 0] [450, 0] [500, 0] [400, 50] [50, 50] [350, 400] [400, 400] [500, 400] [300, 400] [250, 400] [350, 350] [350, 450] [50, 400] [50, 450] [50, 500] [100, 0] [150, 0] [50, 0] [100, 100] [100, 150] [200, 0] [200, 50] [200, 100] [200, 200] [250, 200] [300, 200] [350, 200] [350, 150] [400, 150] [450, 150] [450, 200] [450, 250] [450, 300] [0, 250] [50, 250] [100, 250]
[200, 350] [0, 350] [200, 300] [100, 350] [150, 350] [200, 350] [50, 350] [100, 300] [400, 350] [400, 300] [400, 250] [300, 100] [350, 100] [400, 100] [250, 100] [300, 150] [300, 200] [300, 250] [50, 500] [100, 500] [150, 500] [200, 500] [100, 500] [150, 500] [200, 500] [250, 500] [50, 500] [0, 400] [0, 450] [0, 500] [450, 150] [450, 100] [450, 50] [350, 450] [400, 450] [450, 450] [500, 450] [350, 350] [300, 350] [0, 50] [50, 50] [100, 50] [150, 50] [150, 100] [150, 150] [150, 200] [100, 200] [50, 200] [50, 150]
[350, 100] [100, 150] [350, 50] [350, 150] [300, 400] [350, 400] [400, 400] [250, 400] [300, 350] [300, 300] [300, 250] [250, 400] [300, 400] [350, 400] [400, 400] [200, 400] [350, 150] [300, 150] [250, 150] [350, 100] [350, 50] [50, 400] [50, 450] [50, 500] [250, 100] [350, 100] [400, 100] [200, 100] [150, 100] [100, 100] [250, 50] [250, 150] [500, 200] [500, 150] [500, 100] [500, 50] [500, 250] [500, 300] [500, 350] [0, 150] [50, 150] [0, 100] [0, 50] [0, 200] [100, 250] [100, 300] [100, 350] [100, 400] [350, 250] [400, 250] [400, 300] [250, 450] [200, 300]
[150, 350] [200, 350] [250, 350] [150, 300] [150, 250] [150, 200] [200, 200] [250, 200] [150, 200] [100, 200] [200, 350] [50, 400] [50, 500] [400, 500] [450, 500] [350, 500] [100, 150] [200, 150] [100, 200] [200, 350] [250, 350] [150, 350] [100, 350] [50, 350] [200, 400] [450, 500] [500, 500] [450, 450] [350, 0] [350, 50] [350, 100] [350, 150] [250, 50] [200, 50] [150, 50] [100, 50] [50, 50] [0, 50] [0, 100] [0, 150] [0, 200] [0, 250] [200, 450] [150, 450] [350, 250] [350, 300] [350, 350] [350, 400] [450, 50] [450, 100] [450, 150] [450, 200] [450, 250] [450, 300] [450, 350]
[250, 0] [300, 0] [200, 0] [150, 0] [100, 0] [250, 50] [250, 100] [250, 150] [100, 500] [150, 500] [200, 500] [50, 500] [50, 450] [50, 500] [400, 250] [450, 250] [500, 250] [350, 250] [300, 400] [250, 400] [250, 50] [150, 50] [50, 400] [50, 350] [100, 100] [150, 100] [50, 100] [100, 150] [100, 200] [350, 400] [350, 450] [400, 450] [450, 450] [450, 400] [450, 350] [450, 300] [200, 250] [200, 300] [150, 300] [150, 350] [350, 150] [400, 150] [450, 150] [450, 100] [450, 50] [400, 50] [400, 0]
[400, 250] [350, 250] [300, 250] [400, 200] [400, 150] [400, 100] [0, 150] [0, 100] [0, 50] [50, 400] [50, 450] [400, 100] [400, 150] [400, 200] [250, 450] [300, 450] [350, 450] [350, 0] [150, 350] [200, 350] [150, 400] [150, 450] [150, 500] [400, 100] [350, 100] [300, 100] [400, 150] [400, 200] [300, 350] [350, 350] [400, 350] [450, 350] [500, 350] [450, 400] [450, 450] [300, 200] [250, 200] [200, 200] [200, 150] [200, 100] [200, 50] [150, 50] [100, 50] [100, 100] [100, 150] [100, 200] [100, 250] [50, 250] [50, 300] [50, 350]
[100, 500] [150, 500] [100, 450] [150, 100] [100, 100] [50, 100] [150, 50] [150, 150] [500, 500] [450, 500] [400, 500] [500, 200] [300, 0] [350, 0] [250, 0] [200, 0] [150, 0] [300, 50] [300, 300] [350, 300] [400, 300] [300, 250] [300, 200] [300, 150] [300, 350] [300, 400] [350, 200] [300, 200] [400, 0] [450, 0] [500, 0] [350, 0] [300, 0] [400, 50] [500, 400] [450, 400] [400, 400] [450, 200] [450, 150] [0, 250] [50, 250] [150, 200] [150, 250] [150, 300] [150, 350] [100, 350] [50, 350] [200, 150] [200, 300]
[500, 400] [450, 400] [400, 400] [350, 400] [500, 350] [350, 50] [350, 100] [350, 150] [350, 450] [300, 450] [250, 450] [200, 450] [350, 400] [350, 350] [350, 300] [350, 0] [400, 100] [350, 100] [50, 300] [200, 100] [250, 100] [300, 100] [200, 50] [50, 300] [100, 300] [50, 350] [50, 400] [50, 450] [150, 50] [100, 50] [50, 50] [100, 100] [100, 150] [100, 200] [150, 200] [200, 200] [250, 200] [200, 250] [200, 300] [250, 300] [200, 350] [450, 100] [450, 150] [450, 200] [450, 250]
[100, 0] [150, 0] [50, 0] [150, 500] [200, 500] [250, 500] [300, 500] [150, 450] [150, 350] [200, 350] [250, 350] [300, 350] [150, 300] [250, 400] [200, 350] [100, 0] [100, 50] [100, 100] [100, 300] [150, 300] [50, 300] [100, 250] [100, 200] [250, 100] [300, 100] [250, 50] [350, 300] [300, 300] [350, 250] [350, 200] [350, 150] [200, 100] [200, 150] [200, 200] [250, 200] [50, 350] [50, 400] [50, 450] [450, 50] [450, 100] [450, 150] [450, 200] [450, 250] [450, 300] [450, 350] [450, 400] [400, 250] [350, 100]